   1.2358502506012512E-002
   1.8712992068477329E-002
   2.3135829965964555E-002
   2.6477121507300944E-002
   2.9008230506069189E-002
   3.0846481510812374E-002
   3.2049090620916140E-002
   3.2644443383365578E-002
   3.2644443383365578E-002
   3.2049090620916140E-002
   3.0846481510812374E-002
   2.9008230506069189E-002
   2.6477121507300944E-002
   2.3135829965964555E-002
   1.8712992068477329E-002
   1.2358502506012512E-002
   8.7387809273123881E-003
   1.3232083587910398E-002
   1.6359502257312468E-002
   1.8722152164112681E-002
   2.0511916501064004E-002
   2.1811756252040886E-002
   2.2662129308911986E-002
   2.3083107284438124E-002
   2.3083107284438124E-002
   2.2662129308911986E-002
   2.1811756252040886E-002
   2.0511916501064004E-002
   1.8722152164112681E-002
   1.6359502257312468E-002
   1.3232083587910398E-002
   8.7387809273123881E-003
   6.1792512530062559E-003
   9.3564960342386646E-003
   1.1567914982982277E-002
   1.3238560753650472E-002
   1.4504115253034595E-002
   1.5423240755406187E-002
   1.6024545310458070E-002
   1.6322221691682789E-002
   1.6322221691682789E-002
   1.6024545310458070E-002
   1.5423240755406187E-002
   1.4504115253034595E-002
   1.3238560753650472E-002
   1.1567914982982277E-002
   9.3564960342386646E-003
   6.1792512530062559E-003
   4.3693904636561941E-003
   6.6160417939551989E-003
   8.1797511286562340E-003
   9.3610760820563403E-003
   1.0255958250532002E-002
   1.0905878126020443E-002
   1.1331064654455993E-002
   1.1541553642219062E-002
   1.1541553642219062E-002
   1.1331064654455993E-002
   1.0905878126020443E-002
   1.0255958250532002E-002
   9.3610760820563403E-003
   8.1797511286562340E-003
   6.6160417939551989E-003
   4.3693904636561941E-003
   3.0896256265031279E-003
   4.6782480171193323E-003
   5.7839574914911387E-003
   6.6192803768252359E-003
   7.2520576265172974E-003
   7.7116203777030934E-003
   8.0122726552290351E-003
   8.1611108458413944E-003
   8.1611108458413944E-003
   8.0122726552290351E-003
   7.7116203777030934E-003
   7.2520576265172974E-003
   6.6192803768252359E-003
   5.7839574914911387E-003
   4.6782480171193323E-003
   3.0896256265031279E-003
   2.1846952318280970E-003
   3.3080208969775995E-003
   4.0898755643281170E-003
   4.6805380410281702E-003
   5.1279791252660011E-003
   5.4529390630102216E-003
   5.6655323272279965E-003
   5.7707768211095311E-003
   5.7707768211095311E-003
   5.6655323272279965E-003
   5.4529390630102216E-003
   5.1279791252660011E-003
   4.6805380410281702E-003
   4.0898755643281170E-003
   3.3080208969775995E-003
   2.1846952318280970E-003
   1.5448128132515640E-003
   2.3391240085596661E-003
   2.8919787457455694E-003
   3.3096401884126180E-003
   3.6260288132586487E-003
   3.8558101888515467E-003
   4.0061363276145175E-003
   4.0805554229206972E-003
   4.0805554229206972E-003
   4.0061363276145175E-003
   3.8558101888515467E-003
   3.6260288132586487E-003
   3.3096401884126180E-003
   2.8919787457455694E-003
   2.3391240085596661E-003
   1.5448128132515640E-003
   1.0923476159140485E-003
   1.6540104484887997E-003
   2.0449377821640585E-003
   2.3402690205140851E-003
   2.5639895626330005E-003
   2.7264695315051108E-003
   2.8327661636139982E-003
   2.8853884105547655E-003
   2.8853884105547655E-003
   2.8327661636139982E-003
   2.7264695315051108E-003
   2.5639895626330005E-003
   2.3402690205140851E-003
   2.0449377821640585E-003
   1.6540104484887997E-003
   1.0923476159140485E-003
   7.7240640662578199E-004
   1.1695620042798331E-003
   1.4459893728727847E-003
   1.6548200942063090E-003
   1.8130144066293243E-003
   1.9279050944257733E-003
   2.0030681638072588E-003
   2.0402777114603486E-003
   2.0402777114603486E-003
   2.0030681638072588E-003
   1.9279050944257733E-003
   1.8130144066293243E-003
   1.6548200942063090E-003
   1.4459893728727847E-003
   1.1695620042798331E-003
   7.7240640662578199E-004
   5.4617380795702426E-004
   8.2700522424439986E-004
   1.0224688910820292E-003
   1.1701345102570425E-003
   1.2819947813165003E-003
   1.3632347657525554E-003
   1.4163830818069991E-003
   1.4426942052773828E-003
   1.4426942052773828E-003
   1.4163830818069991E-003
   1.3632347657525554E-003
   1.2819947813165003E-003
   1.1701345102570425E-003
   1.0224688910820292E-003
   8.2700522424439986E-004
   5.4617380795702426E-004
   3.8620320331289099E-004
   5.8478100213991654E-004
   7.2299468643639234E-004
   8.2741004710315449E-004
   9.0650720331466217E-004
   9.6395254721288667E-004
   1.0015340819036294E-003
   1.0201388557301743E-003
   1.0201388557301743E-003
   1.0015340819036294E-003
   9.6395254721288667E-004
   9.0650720331466217E-004
   8.2741004710315449E-004
   7.2299468643639234E-004
   5.8478100213991654E-004
   3.8620320331289099E-004
   2.7308690397851213E-004
   4.1350261212219993E-004
   5.1123444554101462E-004
   5.8506725512852127E-004
   6.4099739065825014E-004
   6.8161738287627770E-004
   7.0819154090349956E-004
   7.2134710263869139E-004
   7.2134710263869139E-004
   7.0819154090349956E-004
   6.8161738287627770E-004
   6.4099739065825014E-004
   5.8506725512852127E-004
   5.1123444554101462E-004
   4.1350261212219993E-004
   2.7308690397851213E-004
   1.9310160165644550E-004
   2.9239050106995827E-004
   3.6149734321819617E-004
   4.1370502355157724E-004
   4.5325360165733109E-004
   4.8197627360644334E-004
   5.0076704095181469E-004
   5.1006942786508715E-004
   5.1006942786508715E-004
   5.0076704095181469E-004
   4.8197627360644334E-004
   4.5325360165733109E-004
   4.1370502355157724E-004
   3.6149734321819617E-004
   2.9239050106995827E-004
   1.9310160165644550E-004
   1.3654345198925606E-004
   2.0675130606109997E-004
   2.5561722277050731E-004
   2.9253362756426063E-004
   3.2049869532912507E-004
   3.4080869143813885E-004
   3.5409577045174978E-004
   3.6067355131934569E-004
   3.6067355131934569E-004
   3.5409577045174978E-004
   3.4080869143813885E-004
   3.2049869532912507E-004
   2.9253362756426063E-004
   2.5561722277050731E-004
   2.0675130606109997E-004
   1.3654345198925606E-004
   9.6550800828222748E-005
   1.4619525053497913E-004
   1.8074867160909809E-004
   2.0685251177578862E-004
   2.2662680082866554E-004
   2.4098813680322167E-004
   2.5038352047590735E-004
   2.5503471393254357E-004
   2.5503471393254357E-004
   2.5038352047590735E-004
   2.4098813680322167E-004
   2.2662680082866554E-004
   2.0685251177578862E-004
   1.8074867160909809E-004
   1.4619525053497913E-004
   9.6550800828222748E-005
   6.8271725994628032E-005
   1.0337565303054998E-004
   1.2780861138525366E-004
   1.4626681378213032E-004
   1.6024934766456253E-004
   1.7040434571906942E-004
   1.7704788522587489E-004
   1.8033677565967285E-004
   1.8033677565967285E-004
   1.7704788522587489E-004
   1.7040434571906942E-004
   1.6024934766456253E-004
   1.4626681378213032E-004
   1.2780861138525366E-004
   1.0337565303054998E-004
   6.8271725994628032E-005
   4.8275400414111374E-005
   7.3097625267489567E-005
   9.0374335804549043E-005
   1.0342625588789431E-004
   1.1331340041433277E-004
   1.2049406840161083E-004
   1.2519176023795367E-004
   1.2751735696627179E-004
   1.2751735696627179E-004
   1.2519176023795367E-004
   1.2049406840161083E-004
   1.1331340041433277E-004
   1.0342625588789431E-004
   9.0374335804549043E-005
   7.3097625267489567E-005
   4.8275400414111374E-005
   3.4135862997314016E-005
   5.1687826515274992E-005
   6.3904305692626828E-005
   7.3133406891065159E-005
   8.0124673832281267E-005
   8.5202172859534712E-005
   8.8523942612937445E-005
   9.0168387829836423E-005
   9.0168387829836423E-005
   8.8523942612937445E-005
   8.5202172859534712E-005
   8.0124673832281267E-005
   7.3133406891065159E-005
   6.3904305692626828E-005
   5.1687826515274992E-005
   3.4135862997314016E-005
   2.4137700207055687E-005
   3.6548812633744784E-005
   4.5187167902274521E-005
   5.1713127943947155E-005
   5.6656700207166386E-005
   6.0247034200805417E-005
   6.2595880118976836E-005
   6.3758678483135894E-005
   6.3758678483135894E-005
   6.2595880118976836E-005
   6.0247034200805417E-005
   5.6656700207166386E-005
   5.1713127943947155E-005
   4.5187167902274521E-005
   3.6548812633744784E-005
   2.4137700207055687E-005
   1.7067931498657008E-005
   2.5843913257637496E-005
   3.1952152846313414E-005
   3.6566703445532579E-005
   4.0062336916140634E-005
   4.2601086429767356E-005
   4.4261971306468722E-005
   4.5084193914918212E-005
   4.5084193914918212E-005
   4.4261971306468722E-005
   4.2601086429767356E-005
   4.0062336916140634E-005
   3.6566703445532579E-005
   3.1952152846313414E-005
   2.5843913257637496E-005
   1.7067931498657008E-005
   1.2068850103527844E-005
   1.8274406316872392E-005
   2.2593583951137261E-005
   2.5856563971973578E-005
   2.8328350103583193E-005
   3.0123517100402709E-005
   3.1297940059488418E-005
   3.1879339241567947E-005
   3.1879339241567947E-005
   3.1297940059488418E-005
   3.0123517100402709E-005
   2.8328350103583193E-005
   2.5856563971973578E-005
   2.2593583951137261E-005
   1.8274406316872392E-005
   1.2068850103527844E-005
   8.5339657493285040E-006
   1.2921956628818748E-005
   1.5976076423156707E-005
   1.8283351722766290E-005
   2.0031168458070317E-005
   2.1300543214883678E-005
   2.2130985653234361E-005
   2.2542096957459106E-005
   2.2542096957459106E-005
   2.2130985653234361E-005
   2.1300543214883678E-005
   2.0031168458070317E-005
   1.8283351722766290E-005
   1.5976076423156707E-005
   1.2921956628818748E-005
   8.5339657493285040E-006
   6.0344250517639218E-006
   9.1372031584361959E-006
   1.1296791975568630E-005
   1.2928281985986789E-005
   1.4164175051791596E-005
   1.5061758550201354E-005
   1.5648970029744209E-005
   1.5939669620783973E-005
   1.5939669620783973E-005
   1.5648970029744209E-005
   1.5061758550201354E-005
   1.4164175051791596E-005
   1.2928281985986789E-005
   1.1296791975568630E-005
   9.1372031584361959E-006
   6.0344250517639218E-006
   4.2669828746642520E-006
   6.4609783144093739E-006
   7.9880382115783535E-006
   9.1416758613831448E-006
   1.0015584229035158E-005
   1.0650271607441839E-005
   1.1065492826617181E-005
   1.1271048478729553E-005
   1.1271048478729553E-005
   1.1065492826617181E-005
   1.0650271607441839E-005
   1.0015584229035158E-005
   9.1416758613831448E-006
   7.9880382115783535E-006
   6.4609783144093739E-006
   4.2669828746642520E-006
   3.0172125258819609E-006
   4.5686015792180979E-006
   5.6483959877843152E-006
   6.4641409929933944E-006
   7.0820875258957982E-006
   7.5308792751006771E-006
   7.8244850148721046E-006
   7.9698348103919867E-006
   7.9698348103919867E-006
   7.8244850148721046E-006
   7.5308792751006771E-006
   7.0820875258957982E-006
   6.4641409929933944E-006
   5.6483959877843152E-006
   4.5686015792180979E-006
   3.0172125258819609E-006
   2.1334914373321260E-006
   3.2304891572046870E-006
   3.9940191057891767E-006
   4.5708379306915724E-006
   5.0077921145175792E-006
   5.3251358037209195E-006
   5.5327464133085903E-006
   5.6355242393647765E-006
   5.6355242393647765E-006
   5.5327464133085903E-006
   5.3251358037209195E-006
   5.0077921145175792E-006
   4.5708379306915724E-006
   3.9940191057891767E-006
   3.2304891572046870E-006
   2.1334914373321260E-006
   1.5086062629409804E-006
   2.2843007896090490E-006
   2.8241979938921576E-006
   3.2320704964966972E-006
   3.5410437629478991E-006
   3.7654396375503386E-006
   3.9122425074360523E-006
   3.9849174051959934E-006
   3.9849174051959934E-006
   3.9122425074360523E-006
   3.7654396375503386E-006
   3.5410437629478991E-006
   3.2320704964966972E-006
   2.8241979938921576E-006
   2.2843007896090490E-006
   1.5086062629409804E-006
   1.0667457186660630E-006
   1.6152445786023435E-006
   1.9970095528945884E-006
   2.2854189653457862E-006
   2.5038960572587896E-006
   2.6625679018604598E-006
   2.7663732066542952E-006
   2.8177621196823882E-006
   2.8177621196823882E-006
   2.7663732066542952E-006
   2.6625679018604598E-006
   2.5038960572587896E-006
   2.2854189653457862E-006
   1.9970095528945884E-006
   1.6152445786023435E-006
   1.0667457186660630E-006
   7.5430313147049022E-007
   1.1421503948045245E-006
   1.4120989969460788E-006
   1.6160352482483486E-006
   1.7705218814739496E-006
   1.8827198187751693E-006
   1.9561212537180261E-006
   1.9924587025979967E-006
   1.9924587025979967E-006
   1.9561212537180261E-006
   1.8827198187751693E-006
   1.7705218814739496E-006
   1.6160352482483486E-006
   1.4120989969460788E-006
   1.1421503948045245E-006
   7.5430313147049022E-007
   5.3337285933303150E-007
   8.0762228930117174E-007
   9.9850477644729419E-007
   1.1427094826728931E-006
   1.2519480286293948E-006
   1.3312839509302299E-006
   1.3831866033271476E-006
   1.4088810598411941E-006
   1.4088810598411941E-006
   1.3831866033271476E-006
   1.3312839509302299E-006
   1.2519480286293948E-006
   1.1427094826728931E-006
   9.9850477644729419E-007
   8.0762228930117174E-007
   5.3337285933303150E-007
   3.7715156573524511E-007
   5.7107519740226224E-007
   7.0604949847303940E-007
   8.0801762412417430E-007
   8.8526094073697478E-007
   9.4135990938758464E-007
   9.7806062685901307E-007
   9.9622935129899834E-007
   9.9622935129899834E-007
   9.7806062685901307E-007
   9.4135990938758464E-007
   8.8526094073697478E-007
   8.0801762412417430E-007
   7.0604949847303940E-007
   5.7107519740226224E-007
   3.7715156573524511E-007
   2.6668642966651575E-007
   4.0381114465058587E-007
   4.9925238822364709E-007
   5.7135474133644655E-007
   6.2597401431469740E-007
   6.6564197546511494E-007
   6.9159330166357379E-007
   7.0444052992059706E-007
   7.0444052992059706E-007
   6.9159330166357379E-007
   6.6564197546511494E-007
   6.2597401431469740E-007
   5.7135474133644655E-007
   4.9925238822364709E-007
   4.0381114465058587E-007
   2.6668642966651575E-007
   1.8857578286762256E-007
   2.8553759870113112E-007
   3.5302474923651970E-007
   4.0400881206208715E-007
   4.4263047036848739E-007
   4.7067995469379232E-007
   4.8903031342950653E-007
   4.9811467564949917E-007
   4.9811467564949917E-007
   4.8903031342950653E-007
   4.7067995469379232E-007
   4.4263047036848739E-007
   4.0400881206208715E-007
   3.5302474923651970E-007
   2.8553759870113112E-007
   1.8857578286762256E-007
   1.3334321483325788E-007
   2.0190557232529294E-007
   2.4962619411182355E-007
   2.8567737066822328E-007
   3.1298700715734870E-007
   3.3282098773255747E-007
   3.4579665083178689E-007
   3.5222026496029853E-007
   3.5222026496029853E-007
   3.4579665083178689E-007
   3.3282098773255747E-007
   3.1298700715734870E-007
   2.8567737066822328E-007
   2.4962619411182355E-007
   2.0190557232529294E-007
   1.3334321483325788E-007
   9.4287891433811278E-008
   1.4276879935056556E-007
   1.7651237461825985E-007
   2.0200440603104358E-007
   2.2131523518424369E-007
   2.3533997734689616E-007
   2.4451515671475327E-007
   2.4905733782474958E-007
   2.4905733782474958E-007
   2.4451515671475327E-007
   2.3533997734689616E-007
   2.2131523518424369E-007
   2.0200440603104358E-007
   1.7651237461825985E-007
   1.4276879935056556E-007
   9.4287891433811278E-008
   6.6671607416628938E-008
   1.0095278616264647E-007
   1.2481309705591177E-007
   1.4283868533411164E-007
   1.5649350357867435E-007
   1.6641049386627873E-007
   1.7289832541589345E-007
   1.7611013248014926E-007
   1.7611013248014926E-007
   1.7289832541589345E-007
   1.6641049386627873E-007
   1.5649350357867435E-007
   1.4283868533411164E-007
   1.2481309705591177E-007
   1.0095278616264647E-007
   6.6671607416628938E-008
   4.7143945716905639E-008
   7.1384399675282780E-008
   8.8256187309129925E-008
   1.0100220301552179E-007
   1.1065761759212185E-007
   1.1766998867344808E-007
   1.2225757835737663E-007
   1.2452866891237479E-007
   1.2452866891237479E-007
   1.2225757835737663E-007
   1.1766998867344808E-007
   1.1065761759212185E-007
   1.0100220301552179E-007
   8.8256187309129925E-008
   7.1384399675282780E-008
   4.7143945716905639E-008
   3.3335803708314469E-008
   5.0476393081323234E-008
   6.2406548527955887E-008
   7.1419342667055819E-008
   7.8246751789337175E-008
   8.3205246933139367E-008
   8.6449162707946723E-008
   8.8055066240074632E-008
   8.8055066240074632E-008
   8.6449162707946723E-008
   8.3205246933139367E-008
   7.8246751789337175E-008
   7.1419342667055819E-008
   6.2406548527955887E-008
   5.0476393081323234E-008
   3.3335803708314469E-008
   2.3571972858452819E-008
   3.5692199837641390E-008
   4.4128093654564962E-008
   5.0501101507760894E-008
   5.5328808796060923E-008
   5.8834994336724040E-008
   6.1128789178688317E-008
   6.2264334456187396E-008
   6.2264334456187396E-008
   6.1128789178688317E-008
   5.8834994336724040E-008
   5.5328808796060923E-008
   5.0501101507760894E-008
   4.4128093654564962E-008
   3.5692199837641390E-008
   2.3571972858452819E-008
   1.6667901854157234E-008
   2.5238196540661617E-008
   3.1203274263977943E-008
   3.5709671333527910E-008
   3.9123375894668587E-008
   4.1602623466569684E-008
   4.3224581353973362E-008
   4.4027533120037316E-008
   4.4027533120037316E-008
   4.3224581353973362E-008
   4.1602623466569684E-008
   3.9123375894668587E-008
   3.5709671333527910E-008
   3.1203274263977943E-008
   2.5238196540661617E-008
   1.6667901854157234E-008
   1.1785986429226410E-008
   1.7846099918820695E-008
   2.2064046827282481E-008
   2.5250550753880447E-008
   2.7664404398030462E-008
   2.9417497168362020E-008
   3.0564394589344158E-008
   3.1132167228093698E-008
   3.1132167228093698E-008
   3.0564394589344158E-008
   2.9417497168362020E-008
   2.7664404398030462E-008
   2.5250550753880447E-008
   2.2064046827282481E-008
   1.7846099918820695E-008
   1.1785986429226410E-008
   8.3339509270786172E-009
   1.2619098270330808E-008
   1.5601637131988972E-008
   1.7854835666763955E-008
   1.9561687947334294E-008
   2.0801311733284842E-008
   2.1612290676986681E-008
   2.2013766560018658E-008
   2.2013766560018658E-008
   2.1612290676986681E-008
   2.0801311733284842E-008
   1.9561687947334294E-008
   1.7854835666763955E-008
   1.5601637131988972E-008
   1.2619098270330808E-008
   8.3339509270786172E-009
   5.8929932146132049E-009
   8.9230499594103475E-009
   1.1032023413641241E-008
   1.2625275376940224E-008
   1.3832202199015231E-008
   1.4708748584181010E-008
   1.5282197294672079E-008
   1.5566083614046849E-008
   1.5566083614046849E-008
   1.5282197294672079E-008
   1.4708748584181010E-008
   1.3832202199015231E-008
   1.2625275376940224E-008
   1.1032023413641241E-008
   8.9230499594103475E-009
   5.8929932146132049E-009
   4.1669754635393086E-009
   6.3095491351654042E-009
   7.8008185659944858E-009
   8.9274178333819774E-009
   9.7808439736671469E-009
   1.0400655866642421E-008
   1.0806145338493340E-008
   1.1006883280009329E-008
   1.1006883280009329E-008
   1.0806145338493340E-008
   1.0400655866642421E-008
   9.7808439736671469E-009
   8.9274178333819774E-009
   7.8008185659944858E-009
   6.3095491351654042E-009
   4.1669754635393086E-009
   2.9464966073066024E-009
   4.4615249797051738E-009
   5.5160117068206203E-009
   6.3126376884701118E-009
   6.9161010995076154E-009
   7.3543742920905050E-009
   7.6410986473360396E-009
   7.7830418070234245E-009
   7.7830418070234245E-009
   7.6410986473360396E-009
   7.3543742920905050E-009
   6.9161010995076154E-009
   6.3126376884701118E-009
   5.5160117068206203E-009
   4.4615249797051738E-009
   2.9464966073066024E-009
   2.0834877317696543E-009
   3.1547745675827021E-009
   3.9004092829972429E-009
   4.4637089166909887E-009
   4.8904219868335734E-009
   5.2003279333212105E-009
   5.4030726692466702E-009
   5.5034416400046645E-009
   5.5034416400046645E-009
   5.4030726692466702E-009
   5.2003279333212105E-009
   4.8904219868335734E-009
   4.4637089166909887E-009
   3.9004092829972429E-009
   3.1547745675827021E-009
   2.0834877317696543E-009
   1.4732483036533012E-009
   2.2307624898525869E-009
   2.7580058534103101E-009
   3.1563188442350559E-009
   3.4580505497538077E-009
   3.6771871460452525E-009
   3.8205493236680198E-009
   3.8915209035117123E-009
   3.8915209035117123E-009
   3.8205493236680198E-009
   3.6771871460452525E-009
   3.4580505497538077E-009
   3.1563188442350559E-009
   2.7580058534103101E-009
   2.2307624898525869E-009
   1.4732483036533012E-009
   1.0417438658848272E-009
   1.5773872837913511E-009
   1.9502046414986215E-009
   2.2318544583454943E-009
   2.4452109934167867E-009
   2.6001639666606052E-009
   2.7015363346233351E-009
   2.7517208200023323E-009
   2.7517208200023323E-009
   2.7015363346233351E-009
   2.6001639666606052E-009
   2.4452109934167867E-009
   2.2318544583454943E-009
   1.9502046414986215E-009
   1.5773872837913511E-009
   1.0417438658848272E-009
   7.3662415182665061E-010
   1.1153812449262934E-009
   1.3790029267051551E-009
   1.5781594221175279E-009
   1.7290252748769039E-009
   1.8385935730226263E-009
   1.9102746618340099E-009
   1.9457604517558561E-009
   1.9457604517558561E-009
   1.9102746618340099E-009
   1.8385935730226263E-009
   1.7290252748769039E-009
   1.5781594221175279E-009
   1.3790029267051551E-009
   1.1153812449262934E-009
   7.3662415182665061E-010
   5.2087193294241358E-010
   7.8869364189567553E-010
   9.7510232074931073E-010
   1.1159272291727472E-009
   1.2226054967083934E-009
   1.3000819833303026E-009
   1.3507681673116676E-009
   1.3758604100011661E-009
   1.3758604100011661E-009
   1.3507681673116676E-009
   1.3000819833303026E-009
   1.2226054967083934E-009
   1.1159272291727472E-009
   9.7510232074931073E-010
   7.8869364189567553E-010
   5.2087193294241358E-010
   3.6831207591332530E-010
   5.5769062246314672E-010
   6.8950146335257754E-010
   7.8907971105876397E-010
   8.6451263743845193E-010
   9.1929678651131313E-010
   9.5513733091700495E-010
   9.7288022587792806E-010
   9.7288022587792806E-010
   9.5513733091700495E-010
   9.1929678651131313E-010
   8.6451263743845193E-010
   7.8907971105876397E-010
   6.8950146335257754E-010
   5.5769062246314672E-010
   3.6831207591332530E-010
   2.6043596647120679E-010
   3.9434682094783777E-010
   4.8755116037465536E-010
   5.5796361458637359E-010
   6.1130274835419668E-010
   6.5004099166515131E-010
   6.7538408365583378E-010
   6.8793020500058306E-010
   6.8793020500058306E-010
   6.7538408365583378E-010
   6.5004099166515131E-010
   6.1130274835419668E-010
   5.5796361458637359E-010
   4.8755116037465536E-010
   3.9434682094783777E-010
   2.6043596647120679E-010
   1.8415603795666265E-010
   2.7884531123157336E-010
   3.4475073167628877E-010
   3.9453985552938198E-010
   4.3225631871922596E-010
   4.5964839325565656E-010
   4.7756866545850248E-010
   4.8644011293896403E-010
   4.8644011293896403E-010
   4.7756866545850248E-010
   4.5964839325565656E-010
   4.3225631871922596E-010
   3.9453985552938198E-010
   3.4475073167628877E-010
   2.7884531123157336E-010
   1.8415603795666265E-010
   1.3021798323560339E-010
   1.9717341047391888E-010
   2.4377558018732768E-010
   2.7898180729318679E-010
   3.0565137417709834E-010
   3.2502049583257565E-010
   3.3769204182791689E-010
   3.4396510250029153E-010
   3.4396510250029153E-010
   3.3769204182791689E-010
   3.2502049583257565E-010
   3.0565137417709834E-010
   2.7898180729318679E-010
   2.4377558018732768E-010
   1.9717341047391888E-010
   1.3021798323560339E-010
   9.2078018978331326E-011
   1.3942265561578668E-010
   1.7237536583814438E-010
   1.9726992776469099E-010
   2.1612815935961298E-010
   2.2982419662782828E-010
   2.3878433272925124E-010
   2.4322005646948202E-010
   2.4322005646948202E-010
   2.3878433272925124E-010
   2.2982419662782828E-010
   2.1612815935961298E-010
   1.9726992776469099E-010
   1.7237536583814438E-010
   1.3942265561578668E-010
   9.2078018978331326E-011
   6.5108991617801697E-011
   9.8586705236959441E-011
   1.2188779009366384E-010
   1.3949090364659340E-010
   1.5282568708854917E-010
   1.6251024791628783E-010
   1.6884602091395844E-010
   1.7198255125014577E-010
   1.7198255125014577E-010
   1.6884602091395844E-010
   1.6251024791628783E-010
   1.5282568708854917E-010
   1.3949090364659340E-010
   1.2188779009366384E-010
   9.8586705236959441E-011
   6.5108991617801697E-011
   4.6039009489165663E-011
   6.9711327807893340E-011
   8.6187682919072192E-011
   9.8634963882345496E-011
   1.0806407967980649E-010
   1.1491209831391414E-010
   1.1939216636462562E-010
   1.2161002823474101E-010
   1.2161002823474101E-010
   1.1939216636462562E-010
   1.1491209831391414E-010
   1.0806407967980649E-010
   9.8634963882345496E-011
   8.6187682919072192E-011
   6.9711327807893340E-011
   4.6039009489165663E-011
   3.2554495808900849E-011
   4.9293352618479721E-011
   6.0943895046831920E-011
   6.9745451823296698E-011
   7.6412843544274585E-011
   8.1255123958143913E-011
   8.4423010456979222E-011
   8.5991275625072883E-011
   8.5991275625072883E-011
   8.4423010456979222E-011
   8.1255123958143913E-011
   7.6412843544274585E-011
   6.9745451823296698E-011
   6.0943895046831920E-011
   4.9293352618479721E-011
   3.2554495808900849E-011
   2.3019504744582831E-011
   3.4855663903946670E-011
   4.3093841459536096E-011
   4.9317481941172748E-011
   5.4032039839903246E-011
   5.7456049156957070E-011
   5.9696083182312809E-011
   6.0805014117370504E-011
   6.0805014117370504E-011
   5.9696083182312809E-011
   5.7456049156957070E-011
   5.4032039839903246E-011
   4.9317481941172748E-011
   4.3093841459536096E-011
   3.4855663903946670E-011
   2.3019504744582831E-011
   1.6277247904450424E-011
   2.4646676309239860E-011
   3.0471947523415960E-011
   3.4872725911648349E-011
   3.8206421772137292E-011
   4.0627561979071957E-011
   4.2211505228489611E-011
   4.2995637812536441E-011
   4.2995637812536441E-011
   4.2211505228489611E-011
   4.0627561979071957E-011
   3.8206421772137292E-011
   3.4872725911648349E-011
   3.0471947523415960E-011
   2.4646676309239860E-011
   1.6277247904450424E-011
   1.1509752372291416E-011
   1.7427831951973335E-011
   2.1546920729768048E-011
   2.4658740970586374E-011
   2.7016019919951623E-011
   2.8728024578478535E-011
   2.9848041591156405E-011
   3.0402507058685252E-011
   3.0402507058685252E-011
   2.9848041591156405E-011
   2.8728024578478535E-011
   2.7016019919951623E-011
   2.4658740970586374E-011
   2.1546920729768048E-011
   1.7427831951973335E-011
   1.1509752372291416E-011
   8.1386239522252121E-012
   1.2323338154619930E-011
   1.5235973761707980E-011
   1.7436362955824175E-011
   1.9103210886068646E-011
   2.0313780989535978E-011
   2.1105752614244806E-011
   2.1497818906268221E-011
   2.1497818906268221E-011
   2.1105752614244806E-011
   2.0313780989535978E-011
   1.9103210886068646E-011
   1.7436362955824175E-011
   1.5235973761707980E-011
   1.2323338154619930E-011
   8.1386239522252121E-012
   5.7548761861457079E-012
   8.7139159759866675E-012
   1.0773460364884024E-011
   1.2329370485293187E-011
   1.3508009959975811E-011
   1.4364012289239268E-011
   1.4924020795578202E-011
   1.5201253529342626E-011
   1.5201253529342626E-011
   1.4924020795578202E-011
   1.4364012289239268E-011
   1.3508009959975811E-011
   1.2329370485293187E-011
   1.0773460364884024E-011
   8.7139159759866675E-012
   5.7548761861457079E-012
   4.0693119761126061E-012
   6.1616690773099651E-012
   7.6179868808539901E-012
   8.7181814779120873E-012
   9.5516054430343231E-012
   1.0156890494767989E-011
   1.0552876307122403E-011
   1.0748909453134110E-011
   1.0748909453134110E-011
   1.0552876307122403E-011
   1.0156890494767989E-011
   9.5516054430343231E-012
   8.7181814779120873E-012
   7.6179868808539901E-012
   6.1616690773099651E-012
   4.0693119761126061E-012
   2.8774380930728539E-012
   4.3569579879933338E-012
   5.3867301824420120E-012
   6.1646852426465935E-012
   6.7540049799879057E-012
   7.1820061446196338E-012
   7.4620103977891012E-012
   7.6006267646713130E-012
   7.6006267646713130E-012
   7.4620103977891012E-012
   7.1820061446196338E-012
   6.7540049799879057E-012
   6.1646852426465935E-012
   5.3867301824420120E-012
   4.3569579879933338E-012
   2.8774380930728539E-012
   2.0346559880563030E-012
   3.0808345386549825E-012
   3.8089934404269950E-012
   4.3590907389560436E-012
   4.7758027215171615E-012
   5.0784452473839946E-012
   5.2764381535612014E-012
   5.3744547265670552E-012
   5.3744547265670552E-012
   5.2764381535612014E-012
   5.0784452473839946E-012
   4.7758027215171615E-012
   4.3590907389560436E-012
   3.8089934404269950E-012
   3.0808345386549825E-012
   2.0346559880563030E-012
   1.4387190465364270E-012
   2.1784789939966669E-012
   2.6933650912210060E-012
   3.0823426213232968E-012
   3.3770024899939529E-012
   3.5910030723098169E-012
   3.7310051988945506E-012
   3.8003133823356565E-012
   3.8003133823356565E-012
   3.7310051988945506E-012
   3.5910030723098169E-012
   3.3770024899939529E-012
   3.0823426213232968E-012
   2.6933650912210060E-012
   2.1784789939966669E-012
   1.4387190465364270E-012
   1.0173279940281515E-012
   1.5404172693274913E-012
   1.9044967202134975E-012
   2.1795453694780218E-012
   2.3879013607585808E-012
   2.5392226236919973E-012
   2.6382190767806007E-012
   2.6872273632835276E-012
   2.6872273632835276E-012
   2.6382190767806007E-012
   2.5392226236919973E-012
   2.3879013607585808E-012
   2.1795453694780218E-012
   1.9044967202134975E-012
   1.5404172693274913E-012
   1.0173279940281515E-012
   7.1935952326821348E-013
   1.0892394969983334E-012
   1.3466825456105030E-012
   1.5411713106616484E-012
   1.6885012449969764E-012
   1.7955015361549085E-012
   1.8655025994472753E-012
   1.9001566911678283E-012
   1.9001566911678283E-012
   1.8655025994472753E-012
   1.7955015361549085E-012
   1.6885012449969764E-012
   1.5411713106616484E-012
   1.3466825456105030E-012
   1.0892394969983334E-012
   7.1935952326821348E-013
   5.0866399701407576E-013
   7.7020863466374563E-013
   9.5224836010674876E-013
   1.0897726847390109E-012
   1.1939506803792904E-012
   1.2696113118459986E-012
   1.3191095383903003E-012
   1.3436136816417638E-012
   1.3436136816417638E-012
   1.3191095383903003E-012
   1.2696113118459986E-012
   1.1939506803792904E-012
   1.0897726847390109E-012
   9.5224836010674876E-013
   7.7020863466374563E-013
   5.0866399701407576E-013
   3.5967976163410674E-013
   5.4461974849916672E-013
   6.7334127280525150E-013
   7.7058565533082419E-013
   8.4425062249848821E-013
   8.9775076807745423E-013
   9.3275129972363765E-013
   9.5007834558391413E-013
   9.5007834558391413E-013
   9.3275129972363765E-013
   8.9775076807745423E-013
   8.4425062249848821E-013
   7.7058565533082419E-013
   6.7334127280525150E-013
   5.4461974849916672E-013
   3.5967976163410674E-013
   2.5433199850703788E-013
   3.8510431733187282E-013
   4.7612418005337438E-013
   5.4488634236950546E-013
   5.9697534018964519E-013
   6.3480565592299932E-013
   6.5955476919515017E-013
   6.7180684082088190E-013
   6.7180684082088190E-013
   6.5955476919515017E-013
   6.3480565592299932E-013
   5.9697534018964519E-013
   5.4488634236950546E-013
   4.7612418005337438E-013
   3.8510431733187282E-013
   2.5433199850703788E-013
   1.7983988081705337E-013
   2.7230987424958336E-013
   3.3667063640262575E-013
   3.8529282766541209E-013
   4.2212531124924411E-013
   4.4887538403872711E-013
   4.6637564986181882E-013
   4.7503917279195706E-013
   4.7503917279195706E-013
   4.6637564986181882E-013
   4.4887538403872711E-013
   4.2212531124924411E-013
   3.8529282766541209E-013
   3.3667063640262575E-013
   2.7230987424958336E-013
   1.7983988081705337E-013
   1.2716599925351894E-013
   1.9255215866593641E-013
   2.3806209002668719E-013
   2.7244317118475273E-013
   2.9848767009482260E-013
   3.1740282796149966E-013
   3.2977738459757509E-013
   3.3590342041044095E-013
   3.3590342041044095E-013
   3.2977738459757509E-013
   3.1740282796149966E-013
   2.9848767009482260E-013
   2.7244317118475273E-013
   2.3806209002668719E-013
   1.9255215866593641E-013
   1.2716599925351894E-013
   8.9919940408526685E-014
   1.3615493712479168E-013
   1.6833531820131288E-013
   1.9264641383270605E-013
   2.1106265562462205E-013
   2.2443769201936356E-013
   2.3318782493090941E-013
   2.3751958639597853E-013
   2.3751958639597853E-013
   2.3318782493090941E-013
   2.2443769201936356E-013
   2.1106265562462205E-013
   1.9264641383270605E-013
   1.6833531820131288E-013
   1.3615493712479168E-013
   8.9919940408526685E-014
   6.3582999626759470E-014
   9.6276079332968204E-014
   1.1903104501334359E-013
   1.3622158559237636E-013
   1.4924383504741130E-013
   1.5870141398074983E-013
   1.6488869229878754E-013
   1.6795171020522047E-013
   1.6795171020522047E-013
   1.6488869229878754E-013
   1.5870141398074983E-013
   1.4924383504741130E-013
   1.3622158559237636E-013
   1.1903104501334359E-013
   9.6276079332968204E-014
   6.3582999626759470E-014
   4.4959970204263343E-014
   6.8077468562395840E-014
   8.4167659100656438E-014
   9.6323206916353024E-014
   1.0553132781231103E-013
   1.1221884600968178E-013
   1.1659391246545471E-013
   1.1875979319798927E-013
   1.1875979319798927E-013
   1.1659391246545471E-013
   1.1221884600968178E-013
   1.0553132781231103E-013
   9.6323206916353024E-014
   8.4167659100656438E-014
   6.8077468562395840E-014
   4.4959970204263343E-014
   3.1791499813379735E-014
   4.8138039666484102E-014
   5.9515522506671797E-014
   6.8110792796188182E-014
   7.4621917523705649E-014
   7.9350706990374915E-014
   8.2444346149393772E-014
   8.3975855102610237E-014
   8.3975855102610237E-014
   8.2444346149393772E-014
   7.9350706990374915E-014
   7.4621917523705649E-014
   6.8110792796188182E-014
   5.9515522506671797E-014
   4.8138039666484102E-014
   3.1791499813379735E-014
   2.2479985102131671E-014
   3.4038734281197920E-014
   4.2083829550328219E-014
   4.8161603458176512E-014
   5.2765663906155513E-014
   5.6109423004840889E-014
   5.8296956232727353E-014
   5.9379896598994633E-014
   5.9379896598994633E-014
   5.8296956232727353E-014
   5.6109423004840889E-014
   5.2765663906155513E-014
   4.8161603458176512E-014
   4.2083829550328219E-014
   3.4038734281197920E-014
   2.2479985102131671E-014
   1.5895749906689867E-014
   2.4069019833242051E-014
   2.9757761253335899E-014
   3.4055396398094091E-014
   3.7310958761852825E-014
   3.9675353495187458E-014
   4.1222173074696886E-014
   4.1987927551305119E-014
   4.1987927551305119E-014
   4.1222173074696886E-014
   3.9675353495187458E-014
   3.7310958761852825E-014
   3.4055396398094091E-014
   2.9757761253335899E-014
   2.4069019833242051E-014
   1.5895749906689867E-014
   1.1239992551065836E-014
   1.7019367140598960E-014
   2.1041914775164109E-014
   2.4080801729088256E-014
   2.6382831953077757E-014
   2.8054711502420445E-014
   2.9148478116363676E-014
   2.9689948299497316E-014
   2.9689948299497316E-014
   2.9148478116363676E-014
   2.8054711502420445E-014
   2.6382831953077757E-014
   2.4080801729088256E-014
   2.1041914775164109E-014
   1.7019367140598960E-014
   1.1239992551065836E-014
   7.9478749533449337E-015
   1.2034509916621026E-014
   1.4878880626667949E-014
   1.7027698199047045E-014
   1.8655479380926412E-014
   1.9837676747593729E-014
   2.0611086537348443E-014
   2.0993963775652559E-014
   2.0993963775652559E-014
   2.0611086537348443E-014
   1.9837676747593729E-014
   1.8655479380926412E-014
   1.7027698199047045E-014
   1.4878880626667949E-014
   1.2034509916621026E-014
   7.9478749533449337E-015
   5.6199962755329178E-015
   8.5096835702994800E-015
   1.0520957387582055E-014
   1.2040400864544128E-014
   1.3191415976538878E-014
   1.4027355751210222E-014
   1.4574239058181838E-014
   1.4844974149748658E-014
   1.4844974149748658E-014
   1.4574239058181838E-014
   1.4027355751210222E-014
   1.3191415976538878E-014
   1.2040400864544128E-014
   1.0520957387582055E-014
   8.5096835702994800E-015
   5.6199962755329178E-015
   3.9739374766724669E-015
   6.0172549583105128E-015
   7.4394403133339747E-015
   8.5138490995235227E-015
   9.3277396904632061E-015
   9.9188383737968644E-015
   1.0305543268674221E-014
   1.0496981887826280E-014
   1.0496981887826280E-014
   1.0305543268674221E-014
   9.9188383737968644E-015
   9.3277396904632061E-015
   8.5138490995235227E-015
   7.4394403133339747E-015
   6.0172549583105128E-015
   3.9739374766724669E-015
   2.8099981377664589E-015
   4.2548417851497400E-015
   5.2604786937910274E-015
   6.0202004322720640E-015
   6.5957079882694392E-015
   7.0136778756051111E-015
   7.2871195290909191E-015
   7.4224870748743291E-015
   7.4224870748743291E-015
   7.2871195290909191E-015
   7.0136778756051111E-015
   6.5957079882694392E-015
   6.0202004322720640E-015
   5.2604786937910274E-015
   4.2548417851497400E-015
   2.8099981377664589E-015
   1.9869687383362334E-015
   3.0086274791552564E-015
   3.7197201566669873E-015
   4.2569245497617614E-015
   4.6638698452316031E-015
   4.9594191868984322E-015
   5.1527716343371107E-015
   5.2484909439131398E-015
   5.2484909439131398E-015
   5.1527716343371107E-015
   4.9594191868984322E-015
   4.6638698452316031E-015
   4.2569245497617614E-015
   3.7197201566669873E-015
   3.0086274791552564E-015
   1.9869687383362334E-015
   1.4049990688832295E-015
   2.1274208925748700E-015
   2.6302393468955137E-015
   3.0101002161360320E-015
   3.2978539941347196E-015
   3.5068389378025556E-015
   3.6435597645454596E-015
   3.7112435374371646E-015
   3.7112435374371646E-015
   3.6435597645454596E-015
   3.5068389378025556E-015
   3.2978539941347196E-015
   3.0101002161360320E-015
   2.6302393468955137E-015
   2.1274208925748700E-015
   1.4049990688832295E-015
   9.9348436916811672E-016
   1.5043137395776282E-015
   1.8598600783334937E-015
   2.1284622748808807E-015
   2.3319349226158015E-015
   2.4797095934492161E-015
   2.5763858171685554E-015
   2.6242454719565699E-015
   2.6242454719565699E-015
   2.5763858171685554E-015
   2.4797095934492161E-015
   2.3319349226158015E-015
   2.1284622748808807E-015
   1.8598600783334937E-015
   1.5043137395776282E-015
   9.9348436916811672E-016
   7.0249953444161473E-016
   1.0637104462874350E-015
   1.3151196734477568E-015
   1.5050501080680160E-015
   1.6489269970673598E-015
   1.7534194689012778E-015
   1.8217798822727298E-015
   1.8556217687185823E-015
   1.8556217687185823E-015
   1.8217798822727298E-015
   1.7534194689012778E-015
   1.6489269970673598E-015
   1.5050501080680160E-015
   1.3151196734477568E-015
   1.0637104462874350E-015
   7.0249953444161473E-016
   4.9674218458405836E-016
   7.5215686978881410E-016
   9.2993003916674683E-016
   1.0642311374404403E-015
   1.1659674613079008E-015
   1.2398547967246081E-015
   1.2881929085842777E-015
   1.3121227359782850E-015
   1.3121227359782850E-015
   1.2881929085842777E-015
   1.2398547967246081E-015
   1.1659674613079008E-015
   1.0642311374404403E-015
   9.2993003916674683E-016
   7.5215686978881410E-016
   4.9674218458405836E-016
   3.5124976722080736E-016
   5.3185522314371750E-016
   6.5755983672387842E-016
   7.5252505403400800E-016
   8.2446349853367990E-016
   8.7670973445063889E-016
   9.1088994113636489E-016
   9.2781088435929114E-016
   9.2781088435929114E-016
   9.1088994113636489E-016
   8.7670973445063889E-016
   8.2446349853367990E-016
   7.5252505403400800E-016
   6.5755983672387842E-016
   5.3185522314371750E-016
   3.5124976722080736E-016
   2.4837109229202918E-016
   3.7607843489440705E-016
   4.6496501958337342E-016
   5.3211556872022017E-016
   5.8298373065395038E-016
   6.1992739836230403E-016
   6.4409645429213884E-016
   6.5606136798914248E-016
   6.5606136798914248E-016
   6.4409645429213884E-016
   6.1992739836230403E-016
   5.8298373065395038E-016
   5.3211556872022017E-016
   4.6496501958337342E-016
   3.7607843489440705E-016
   2.4837109229202918E-016
   1.7562488361040368E-016
   2.6592761157185875E-016
   3.2877991836193921E-016
   3.7626252701700400E-016
   4.1223174926683995E-016
   4.3835486722531945E-016
   4.5544497056818244E-016
   4.6390544217964557E-016
   4.6390544217964557E-016
   4.5544497056818244E-016
   4.3835486722531945E-016
   4.1223174926683995E-016
   3.7626252701700400E-016
   3.2877991836193921E-016
   2.6592761157185875E-016
   1.7562488361040368E-016
   1.2418554614601459E-016
   1.8803921744720352E-016
   2.3248250979168671E-016
   2.6605778436011009E-016
   2.9149186532697519E-016
   3.0996369918115201E-016
   3.2204822714606942E-016
   3.2803068399457124E-016
   3.2803068399457124E-016
   3.2204822714606942E-016
   3.0996369918115201E-016
   2.9149186532697519E-016
   2.6605778436011009E-016
   2.3248250979168671E-016
   1.8803921744720352E-016
   1.2418554614601459E-016
   8.7812441805201841E-017
   1.3296380578592938E-016
   1.6438995918096960E-016
   1.8813126350850200E-016
   2.0611587463341997E-016
   2.1917743361265972E-016
   2.2772248528409122E-016
   2.3195272108982278E-016
   2.3195272108982278E-016
   2.2772248528409122E-016
   2.1917743361265972E-016
   2.0611587463341997E-016
   1.8813126350850200E-016
   1.6438995918096960E-016
   1.3296380578592938E-016
   8.7812441805201841E-017
   6.2092773073007295E-017
   9.4019608723601762E-017
   1.1624125489584335E-016
   1.3302889218005504E-016
   1.4574593266348760E-016
   1.5498184959057601E-016
   1.6102411357303471E-016
   1.6401534199728562E-016
   1.6401534199728562E-016
   1.6102411357303471E-016
   1.5498184959057601E-016
   1.4574593266348760E-016
   1.3302889218005504E-016
   1.1624125489584335E-016
   9.4019608723601762E-017
   6.2092773073007295E-017
   4.3906220902600921E-017
   6.6481902892964688E-017
   8.2194979590484802E-017
   9.4065631754251000E-017
   1.0305793731670999E-016
   1.0958871680632986E-016
   1.1386124264204561E-016
   1.1597636054491139E-016
   1.1597636054491139E-016
   1.1386124264204561E-016
   1.0958871680632986E-016
   1.0305793731670999E-016
   9.4065631754251000E-017
   8.2194979590484802E-017
   6.6481902892964688E-017
   4.3906220902600921E-017
   3.1046386536503647E-017
   4.7009804361800881E-017
   5.8120627447921677E-017
   6.6514446090027521E-017
   7.2872966331743798E-017
   7.7490924795288003E-017
   8.0512056786517355E-017
   8.2007670998642810E-017
   8.2007670998642810E-017
   8.0512056786517355E-017
   7.7490924795288003E-017
   7.2872966331743798E-017
   6.6514446090027521E-017
   5.8120627447921677E-017
   4.7009804361800881E-017
   3.1046386536503647E-017
   2.1953110451300460E-017
   3.3240951446482344E-017
   4.1097489795242401E-017
   4.7032815877125500E-017
   5.1528968658354993E-017
   5.4794358403164931E-017
   5.6930621321022806E-017
   5.7988180272455696E-017
   5.7988180272455696E-017
   5.6930621321022806E-017
   5.4794358403164931E-017
   5.1528968658354993E-017
   4.7032815877125500E-017
   4.1097489795242401E-017
   3.3240951446482344E-017
   2.1953110451300460E-017
   2.1953110451300460E-017
   3.3240951446482344E-017
   4.1097489795242401E-017
   4.7032815877125500E-017
   5.1528968658354993E-017
   5.4794358403164931E-017
   5.6930621321022806E-017
   5.7988180272455696E-017
   5.7988180272455696E-017
   5.6930621321022806E-017
   5.4794358403164931E-017
   5.1528968658354993E-017
   4.7032815877125500E-017
   4.1097489795242401E-017
   3.3240951446482344E-017
   2.1953110451300460E-017
